A[1][1] = 0.200000 
A[2][2] = -0.083333 
A[3][3] = -0.002381 
A[4][4] = -0.000060 
